              precision    recall  f1-score   support

           0       0.99      1.00      1.00       980
           1       1.00      1.00      1.00      1135
           2       1.00      1.00      1.00      1032
           3       1.00      1.00      1.00      1010
           4       0.99      1.00      1.00       982
           5       1.00      1.00      1.00       892
           6       1.00      0.99      0.99       958
           7       1.00      1.00      1.00      1028
           8       1.00      1.00      1.00       974
           9       0.99      0.99      0.99      1009

    accuracy                           1.00     10000
   macro avg       1.00      1.00      1.00     10000
weighted avg       1.00      1.00      1.00     10000
